multicast_benchmark_time_samples
multicast_benchmark_time_samples 0.0
7.61463
4.838079
4.823733
4.837178
4.837914
4.833353
4.817659
4.823075
4.821665
4.76438
4.85259
4.83693
4.862426
4.84751
4.862444
4.859958
4.81248
4.84368
4.846983
4.861159
4.85643
4.85595
4.864909
4.859429
4.840443
4.856832
4.774576
9.862548
4.820054
4.865558
multicast_benchmark_time_samples 0.05
4.795411
4.800828
4.792458
4.784355
4.757927
4.807621
4.803505
4.792099
4.802294
4.807835
4.793552
4.801322
4.790784
4.802711
4.804109
4.797952
4.81495
4.79207
4.810664
4.749219
4.79724
4.809347
4.780619
4.791271
4.790226
4.807193
4.810588
4.796073
4.805915
4.801686
multicast_benchmark_time_samples 0.1
4.750709
4.761156
4.731704
4.746053
4.750858
4.758595
4.739716
4.746488
4.740624
4.751623
4.725295
4.742424
4.753542
4.760516
4.732145
4.745337
4.766244
4.751247
4.753384
4.753821
4.750523
4.74068
4.748332
4.756106
4.744653
4.753064
4.743578
4.757919
4.760428
4.752015
multicast_benchmark_time_samples 0.15000000000000002
4.707323
4.69983
4.697312
4.69535
4.701949
4.691577
4.690938
4.705909
4.712891
4.680487
4.69202
4.687354
4.705353
4.680973
4.692894
4.691437
4.687682
4.705931
4.71114
4.692519
4.695089
4.676668
4.738
4.691145
4.696973
4.699432
4.693909
9.691013
4.698168
4.712768
multicast_benchmark_time_samples 0.2
4.652482
9.635961
4.62839
4.656943
4.650871
4.636168
4.65164
4.644241
4.643109
4.653534
4.656911
4.651197
4.656212
4.650047
4.639345
4.6536
4.646162
4.649701
4.650419
4.649754
4.653691
4.644724
4.653256
4.655888
4.654687
9.648476
4.631386
4.661285
4.641926
9.653239
multicast_benchmark_time_samples 0.25
4.582409
4.615311
4.588202
4.594287
4.605918
4.605422
4.617645
4.587912
4.596245
4.588723
4.60215
4.601328
4.607165
4.601827
4.590599
4.59456
4.605975
4.592879
4.609628
4.59232
4.5882
4.603463
4.601563
4.594266
4.585252
4.60169
4.601155
4.609771
4.60472
4.600183
multicast_benchmark_time_samples 0.30000000000000004
4.558756
4.543306
4.554012
4.540105
4.554682
4.54198
4.529118
4.553002
4.534935
4.564272
4.538452
4.537984
4.544426
4.542462
4.551941
4.543716
4.549543
4.545964
4.538351
4.549471
4.548074
4.553098
4.448412
4.542013
4.56425
4.542755
4.542116
4.54344
4.553529
4.549815
multicast_benchmark_time_samples 0.35000000000000003
4.521759
4.507161
4.506409
9.487446
4.485068
4.495511
4.512222
4.491314
4.506033
4.499877
4.501082
4.483965
4.48982
4.502971
4.503349
4.494406
4.502971
4.505818
4.475469
4.494505
4.504311
4.491353
4.512585
4.507548
4.494561
4.495987
4.507862
4.499891
4.506474
4.500363
multicast_benchmark_time_samples 0.4
4.447172
4.44696
4.445834
4.450273
4.447493
4.452874
4.436653
4.451759
4.44099
4.451914
4.447368
4.464525
4.444638
4.450562
4.457492
4.456322
4.450086
4.44572
4.461206
4.454442
4.453623
4.446512
4.451138
4.447074
4.442636
4.440395
4.441582
4.444248
4.451994
4.45284
multicast_benchmark_time_samples 0.45
4.402525
4.402407
4.403944
4.408462
4.386812
4.396057
9.393749
4.367674
4.396175
4.389545
4.392483
4.393659
4.401091
4.4065
4.393799
4.395449
4.405881
4.400699
4.402015
4.39572
4.388933
4.388943
4.409907
4.385077
4.403853
4.396757
4.407953
4.40005
4.437576
4.40493
multicast_benchmark_time_samples 0.5
4.339952
4.350186
4.363106
4.341936
4.36364
9.352166
4.335538
4.34376
4.362136
4.358393
4.360423
4.349974
4.346738
4.36104
4.328346
4.346445
4.342528
4.35684
4.345085
4.266468
4.345597
4.354944
4.352138
4.341282
9.346709
4.334425
4.367304
4.357933
4.356488
4.35447
multicast_benchmark_time_samples 0.55
4.311386
4.305143
4.283183
4.304121
4.306195
4.297062
4.308061
4.306357
4.307083
4.303635
4.308972
4.304119
4.303145
4.297173
4.304013
4.305629
4.313252
4.302487
4.290688
4.293824
4.304702
4.301835
4.301044
4.306463
4.293675
4.302088
4.294203
4.304531
4.291018
4.298441
multicast_benchmark_time_samples 0.6000000000000001
4.244147
4.238297
9.227434
4.23561
4.24921
4.254693
4.237328
4.253218
9.254927
4.216597
4.270464
4.241914
4.239851
4.24947
4.252042
4.238507
4.259076
4.24352
4.24442
4.242363
4.254833
4.244214
4.254278
4.240665
4.239978
4.25435
4.238761
4.255718
9.254166
4.227133
multicast_benchmark_time_samples 0.65
4.206475
4.197929
4.187896
4.220876
4.190073
4.223748
4.195558
4.204813
9.211728
4.18236
4.216557
4.202304
4.188769
4.189857
4.191173
4.203024
4.211289
4.195578
4.19928
4.203939
4.199999
4.203194
4.218959
4.194445
4.197928
4.197816
4.21185
4.194741
4.202853
4.118766
multicast_benchmark_time_samples 0.7000000000000001
4.137163
4.158947
4.144954
4.156305
4.153361
4.150995
4.164208
4.14263
4.151809
9.177831
4.132137
4.167712
4.15307
4.138937
4.137695
4.158374
4.151974
4.136925
4.153632
4.152062
4.155413
4.153726
4.145506
4.130025
4.16232
4.138559
4.147939
4.152048
4.153977
4.150909
multicast_benchmark_time_samples 0.75
4.103484
4.076076
4.118368
4.108528
4.084649
4.110368
9.106986
4.079017
4.104619
4.094925
4.10773
4.089461
4.109797
4.10995
4.109534
4.092913
4.103159
4.106583
4.098729
4.092475
4.110852
4.087776
4.095281
4.099718
4.102404
4.068642
4.096528
4.103808
9.096333
4.071065
multicast_benchmark_time_samples 0.8
4.047742
4.061407
4.044883
4.04646
4.050494
4.044389
4.051637
4.059362
4.055682
9.059077
4.030718
4.058808
4.051734
4.051418
4.053819
4.039731
4.043012
4.042138
4.049342
4.041195
4.056778
4.047227
4.05077
4.046316
4.047523
4.056499
4.052998
4.045405
4.050204
4.034925
multicast_benchmark_time_samples 0.8500000000000001
4.011365
3.992558
3.990259
4.004707
3.998889
3.993468
4.010645
4.001717
4.006311
4.000765
3.999573
3.983914
4.019109
4.007431
4.004409
4.003163
4.003444
4.014274
4.002452
3.988899
3.990709
4.002706
4.01053
4.001392
4.001921
4.001827
4.001998
3.997975
4.012811
3.992661
multicast_benchmark_time_samples 0.9
3.954217
3.952759
3.958949
3.932936
3.949379
3.956107
3.943081
3.949534
3.944801
3.946508
3.95213
3.969057
3.936942
3.957801
3.958609
3.945223
3.948122
3.955037
3.944854
3.852113
3.955886
3.937103
3.944193
3.95566
3.951988
3.941447
3.951309
3.958427
3.955639
3.945323
multicast_benchmark_time_samples 0.9500000000000001
8.911094
3.869149
3.891235
3.910463
3.892632
3.900655
3.894162
3.90448
3.810566
3.898432
3.884461
3.903329
8.913211
3.875965
3.911792
3.897788
3.896385
3.897522
3.892585
3.899216
3.901875
3.88896
3.896388
3.883547
3.905804
3.892734
3.902619
3.89422
3.870775
3.903702
multicast_benchmark_time_samples 1.0
3.849737
3.843611
3.855571
3.844568
3.839905
8.844872
3.839574
3.835629
3.84285
3.862634
3.860692
8.858903
3.833838
3.849015
3.860535
3.776098
3.868017
3.851416
3.840191
3.850192
3.852794
3.845244
3.840399
3.836948
3.828725
3.858512
3.851478
3.848838
3.841105
3.837783
multicast_benchmark_time_samples 1.05
3.791051
3.801399
3.799545
3.806699
3.793604
3.785423
3.799461
3.793284
3.79681
8.801518
3.776338
3.796634
3.813327
3.786312
3.802411
3.792813
3.795615
3.788603
3.816559
3.787286
3.804821
3.800502
3.802048
3.788021
3.798953
3.787087
3.799556
3.80702
3.802443
3.809834
multicast_benchmark_time_samples 1.1
3.752084
3.75117
3.741135
3.754113
3.737537
3.665238
3.753921
3.751725
3.762344
8.75662
3.726324
3.727221
3.756371
3.737897
3.756708
3.729399
3.756725
3.77459
3.748821
3.753839
3.751718
3.741006
3.752455
3.75277
3.746613
3.746389
3.751785
3.751644
3.751384
3.748971
multicast_benchmark_time_samples 1.1500000000000001
3.699289
3.70264
3.689195
3.702784
3.702359
3.706035
3.705103
3.695707
3.708391
3.703374
8.704555
3.679857
3.707068
3.703846
3.690368
3.705748
3.697255
3.705637
3.698389
3.72153
3.701668
3.713437
3.700704
3.686237
3.701877
3.693166
3.709334
3.684612
3.708065
3.701011
multicast_benchmark_time_samples 1.2000000000000002
3.650457
8.656808
3.627207
8.670592
3.615736
3.651667
3.649309
3.659227
3.637338
8.640392
3.62936
3.642307
3.641429
3.665082
3.647417
3.654058
3.66006
3.65203
3.647943
3.652675
3.656767
3.66281
3.657826
3.653012
3.637007
3.649074
3.648793
3.638307
3.642156
3.648344
multicast_benchmark_time_samples 1.25
3.60245
3.587851
3.590171
3.609366
3.603578
3.597919
3.598891
3.584356
3.604962
3.60333
3.591566
3.60228
3.609699
3.587744
3.589087
8.603674
3.58774
3.588475
3.612566
3.586873
3.59944
3.592682
3.612053
3.596843
3.590759
3.600749
3.589768
3.604523
3.604939
3.593266
multicast_benchmark_time_samples 1.3
3.557277
3.555443
3.538695
3.556043
3.532502
3.554626
3.541926
3.540059
3.551923
3.551356
3.541781
3.555616
3.54949
3.54678
3.544311
8.539598
3.526136
3.53243
3.553172
3.560238
3.55518
3.555397
3.560201
3.558895
3.556365
3.544286
3.458394
3.573198
3.550676
3.531426
multicast_benchmark_time_samples 1.35
3.502294
3.502806
3.492886
3.489577
3.50194
3.485975
3.506276
3.489033
3.50207
3.478248
3.497512
3.514932
3.492553
3.487078
8.505366
3.468087
3.494757
3.50277
3.518043
3.492156
3.527208
3.48694
3.505954
3.52083
3.501564
3.480841
3.513456
3.506672
3.500775
3.490161
multicast_benchmark_time_samples 1.4000000000000001
3.361204
3.460595
3.450119
3.438591
3.452557
3.450538
3.445465
3.445012
3.451666
3.453953
3.460057
8.45703
3.424714
3.460456
3.442084
3.46039
3.44612
3.433509
3.460141
3.444865
3.455572
3.449302
3.455439
3.465551
3.461487
3.453098
3.453227
3.458154
3.472455
3.447396
multicast_benchmark_time_samples 1.4500000000000002
3.409469
3.393435
3.417803
3.407604
3.395766
3.391402
3.406861
3.390581
3.382851
3.400209
3.395354
3.39441
8.397742
3.378558
3.409166
3.390898
3.396321
3.396043
8.391
3.3746
3.391179
3.402231
3.393264
3.403409
3.309485
3.405285
3.410612
3.410226
3.41322
3.41636
multicast_benchmark_time_samples 1.5
3.341681
3.374739
3.351149
3.361743
3.366576
3.349215
3.350212
3.351104
3.343939
3.354906
3.353706
3.356927
3.353769
8.352058
3.326287
3.363287
3.356439
3.341008
3.339599
3.349193
3.334694
3.356906
3.349254
3.349619
3.345203
3.337448
3.356623
3.350291
3.358086
3.352119
multicast_benchmark_time_samples 1.55
3.311304
3.30289
3.3228
3.289671
3.309226
3.302462
3.309521
3.294543
8.303248
3.290185
3.301652
3.306893
3.317619
8.288655
3.27562
3.30979
3.286078
3.3049
3.28953
3.302866
3.294875
3.306487
3.30861
3.289959
3.305622
3.321056
3.276445
3.318232
3.293908
3.30087
multicast_benchmark_time_samples 1.6
3.261369
3.257249
3.26215
3.253741
3.248966
3.249647
3.262268
3.259181
3.252004
3.252362
3.251205
3.247942
3.258036
8.24266
3.221641
3.241065
3.252402
3.251008
3.242165
3.234979
3.253567
3.254087
3.232968
3.255947
3.22655
3.237263
3.240191
3.245245
3.256483
3.272365
multicast_benchmark_time_samples 1.6500000000000001
3.18883
3.204002
3.203824
3.216124
3.194966
3.19879
3.199777
3.202712
3.207198
3.203323
3.20634
3.200802
3.199199
3.198024
3.192225
8.200624
3.172403
3.210565
3.102731
3.203998
3.1881
3.113979
3.213708
3.125752
3.195616
3.194392
3.206469
3.192267
3.203359
3.210229
multicast_benchmark_time_samples 1.7000000000000002
3.146537
3.154605
3.162255
3.146527
8.169142
3.137079
3.144731
3.149518
3.141685
3.171476
8.140869
3.129565
3.15693
3.14301
3.152832
3.156106
8.153511
3.145612
3.152321
3.135885
3.161257
3.159975
3.157389
3.154094
3.147404
3.164549
3.157394
3.146738
3.153366
3.146615
multicast_benchmark_time_samples 1.75
3.097423
3.105106
3.098871
3.101445
3.102304
3.107471
3.098136
3.105753
3.105242
3.107571
3.10605
3.111039
8.103452
3.088168
3.105378
3.110113
3.098148
3.105381
3.100928
3.096077
3.094451
3.108483
3.102114
3.020431
3.111437
3.103336
3.105709
3.095989
3.099167
3.122403
multicast_benchmark_time_samples 1.8
3.042978
3.039116
3.053009
3.054698
3.060378
3.053786
3.040281
3.054102
3.060332
3.059346
3.068048
3.050416
3.05799
3.050915
3.066099
3.046372
3.048638
3.037169
3.05667
3.04804
3.048475
3.04619
3.04251
3.062325
3.035606
3.053932
3.053766
3.055238
3.050454
3.041786
multicast_benchmark_time_samples 1.85
3.006917
2.994173
2.992016
3.004886
3.002972
3.016369
3.002921
2.998176
2.985736
2.999431
3.013954
3.015961
3.006791
3.013723
3.017203
2.915075
2.997521
3.006435
3.011469
8.009123
2.991104
2.984976
2.989565
2.98921
3.004654
3.005299
2.919069
3.002214
2.994537
3.001212
multicast_benchmark_time_samples 1.9000000000000001
2.942868
2.953286
2.95179
2.951714
2.938107
2.959385
2.93845
2.952136
2.944574
2.953556
2.948073
2.94815
2.967359
2.944161
2.944538
2.958778
7.964251
2.940018
2.93416
2.949408
2.964173
2.951767
2.95644
2.951402
2.95297
2.956581
2.955067
2.939044
2.944323
2.943112
multicast_benchmark_time_samples 1.9500000000000002
2.917224
2.902223
2.904168
2.904472
2.888134
2.918702
2.908146
2.904583
2.899956
2.900222
2.891637
2.904322
2.908201
2.890909
7.917337
2.895528
2.903351
2.912543
2.916509
2.900148
7.914921
2.887736
2.902117
2.890719
2.901315
2.901288
2.897
2.899215
2.897282
2.900801
multicast_benchmark_time_samples 2.0
2.853081
2.850548
2.854036
2.853078
2.843346
2.852704
2.857685
2.85293
2.853275
2.85599
2.834038
2.853713
2.849376
2.840732
2.858596
2.853948
2.842189
2.83837
2.853568
2.893163
2.84908
2.863283
2.842657
2.881226
7.866041
2.830321
2.847522
2.837606
2.851106
2.83587
multicast_benchmark_time_samples 2.0500000000000003
2.812757
2.801912
2.803695
2.790642
2.80016
2.813277
2.798583
2.8205
2.798881
2.72094
2.82102
2.80743
2.795163
2.798932
2.799223
2.80549
2.806162
2.793237
2.811169
2.804158
2.807512
2.782615
2.811662
7.828425
2.793624
2.792898
2.803155
2.804801
2.791213
2.803548
multicast_benchmark_time_samples 2.1
2.739774
2.737856
2.741736
2.754486
2.756744
2.74498
2.740081
2.758609
2.757014
2.733772
2.749943
2.738782
2.765346
2.737975
7.755216
2.745099
2.750518
2.754224
2.74748
2.754221
2.741982
2.761708
7.736338
2.742629
2.7417
2.761367
2.738761
2.748658
2.739831
2.745752
multicast_benchmark_time_samples 2.15
7.602299
2.693543
2.696205
2.693027
2.698416
2.703784
2.705386
2.700716
2.602907
2.702208
2.699696
2.683334
2.707082
2.700394
2.7031
7.707564
2.68798
2.692232
2.69679
2.715771
2.714925
2.676158
7.705589
2.690719
2.690434
2.703223
2.690152
2.691957
2.67803
7.696171
multicast_benchmark_time_samples 2.2
2.647711
2.644183
2.638925
2.640642
2.636609
2.638877
2.643686
2.64977
2.645358
2.661064
7.647476
2.637604
2.65862
2.655129
2.640381
7.651987
2.638937
2.627043
2.651777
2.647766
2.660722
2.645234
7.655083
2.645751
2.636869
2.641462
2.644873
2.643799
2.638351
2.640696
multicast_benchmark_time_samples 2.25
2.587197
2.504971
2.594354
2.607512
2.58435
2.601721
2.599281
2.598702
2.589556
2.603671
2.605832
2.602947
2.607713
2.597345
2.608618
7.514308
2.593362
2.593542
2.592408
2.590329
2.598137
2.601212
7.594993
2.594641
2.601111
2.603558
2.581606
2.590191
2.594374
2.591002
multicast_benchmark_time_samples 2.3000000000000003
2.569098
2.532481
2.556386
2.452954
2.544181
2.564217
2.554635
7.549967
2.549377
2.540785
2.560429
2.548497
2.542131
2.552196
2.557668
2.553653
2.553477
2.55133
2.554402
2.549043
2.555278
2.53642
7.547749
2.535518
2.538242
2.55747
2.53432
2.541815
2.540355
7.541867
multicast_benchmark_time_samples 2.35
2.502935
2.493804
2.491435
2.481504
2.484028
2.496616
2.490294
2.507039
2.495102
2.476292
2.504293
2.502081
2.501412
2.424414
2.506758
7.50395
2.490683
2.499579
2.417503
2.50676
2.502501
2.494362
2.50054
7.507455
2.504073
2.489815
2.494064
2.4907
2.489413
2.491601
multicast_benchmark_time_samples 2.4000000000000004
2.442718
2.438692
2.444512
2.441782
2.444943
2.43848
2.3577
2.426708
2.441149
2.445449
2.441349
2.44407
2.449032
2.444647
2.436857
7.459633
2.437405
2.461671
2.457603
2.458526
7.460937
2.435981
2.453072
2.453769
2.376725
2.436586
2.441976
2.439382
7.442231
2.447327
multicast_benchmark_time_samples 2.45
2.372891
2.400636
2.386021
2.384082
2.395324
7.39494
2.384748
2.386073
2.405911
2.39575
2.400431
2.392014
2.400673
2.39628
2.388386
2.400057
2.408822
2.405281
2.410658
2.393507
2.408046
7.306191
2.391728
2.403777
2.40451
2.395794
2.39025
2.389194
2.390351
2.39349
multicast_benchmark_time_samples 2.5
2.343266
2.339676
2.331374
2.341219
2.345817
2.346087
2.32397
2.34209
2.338169
2.343804
2.338619
2.334171
2.345988
2.326772
7.33715
2.353167
2.351753
2.343892
7.355532
2.329124
2.357059
2.354191
7.36145
2.333266
2.344862
2.358868
2.343683
2.353015
2.330292
2.338671
multicast_benchmark_time_samples 2.5500000000000003
7.29699
2.299346
2.291156
2.295255
2.290888
2.29097
7.291021
2.301605
7.299708
2.284617
2.20858
2.286112
2.315783
2.311306
2.303365
2.288164
7.299207
2.292864
2.299109
2.306383
2.310175
2.300163
7.312257
7.288592
2.291633
2.302202
2.291585
2.2904
2.292796
2.295655
multicast_benchmark_time_samples 2.6
7.246619
2.227508
2.239521
2.242297
2.240728
2.240639
2.241569
7.248567
7.233771
7.240987
2.251859
2.238519
2.250566
2.248343
2.255798
2.254022
2.25117
2.25773
2.254498
2.274325
2.249211
7.247949
2.240421
7.25507
2.243801
2.24199
2.250619
2.243983
2.239782
7.248316
multicast_benchmark_time_samples 2.6500000000000004
2.186627
7.192441
2.187901
2.171249
2.196542
2.192603
2.194938
2.189191
7.201038
2.191873
2.187007
2.186882
2.189511
2.195857
2.195564
2.207412
7.200069
7.187763
7.214907
2.184877
7.206872
2.201318
7.195319
2.202048
7.111294
7.202809
7.19522
2.186064
2.192141
2.189225
multicast_benchmark_time_samples 2.7
7.144622
7.151241
7.12398
2.150437
2.151107
2.147333
2.062203
2.144843
7.140526
2.140581
2.142671
7.162345
2.132344
2.157335
2.15187
2.149587
2.154233
2.15358
7.151703
2.142683
2.154131
2.154612
2.14029
7.14623
7.151132
2.14928
7.149879
2.137658
7.147882
2.140373
multicast_benchmark_time_samples 2.75
2.092629
2.096762
2.089145
2.109605
7.093219
7.095341
2.09329
2.089414
2.106821
2.10577
2.131448
7.108963
7.091725
7.089569
7.099984
7.10313
7.096923
2.100581
7.092639
2.08564
7.092004
2.121099
2.091975
2.097208
2.08846
2.094562
7.091426
2.100772
7.09071
2.099259
multicast_benchmark_time_samples 2.8000000000000003
7.032674
7.039553
7.041285
7.054691
7.037229
7.045387
7.034083
7.050753
7.04527
7.039101
7.058489
7.049068
7.048383
7.048735
7.040641
7.03777
2.059747
2.056329
2.046458
7.05021
7.011027
7.040735
7.041885
7.040273
7.040583
7.035606
7.039022
2.049242
2.052002
7.05863
multicast_benchmark_time_samples 2.85
6.993919
1.998753
7.011775
7.005138
6.990393
6.990127
6.991312
2.002655
1.985046
6.995706
1.984576
1.98937
6.984129
1.990491
6.995267
6.996826
6.980118
6.994658
6.988823
6.985426
6.986766
6.886396
6.994919
6.998953
6.98707
7.001309
2.002088
6.99945
6.997943
6.992786
multicast_benchmark_time_samples 2.9000000000000004
6.940906
6.937992
6.945056
6.946087
6.941264
6.942361
6.94605
6.929675
6.932938
6.939594
6.939186
6.945608
6.936584
6.960456
6.926855
6.951585
6.936146
6.936438
6.957489
6.93287
6.939911
6.934137
6.942826
6.940852
6.942171
6.935154
6.938887
6.944585
6.936836
6.946533
multicast_benchmark_time_samples 2.95
6.889989
6.88893
6.886996
6.901962
6.90996
6.894254
6.910586
6.888958
6.897643
6.889008
6.893103
6.893014
6.88377
6.878289
6.890351
6.886317
6.883201
6.891426
6.9095
6.88121
6.896535
6.898026
6.891684
6.892804
6.903214
6.90086
6.905085
6.884217
6.898148
6.89113
multicast_benchmark_time_samples 3.0
6.840579
6.86451
6.840995
6.847297
6.85598
6.837174
6.83983
6.838139
6.840996
6.839693
6.848297
6.83306
6.842346
6.834908
6.847851
6.853298
6.856895
6.850632
6.833289
6.853235
6.839022
6.845065
6.846449
6.845418
6.839062
6.838843
6.852462
6.836199
6.838594
6.844778
multicast_benchmark_time_samples 3.0500000000000003
6.790462
6.79399
6.804404
6.791942
6.791396
6.806457
6.805554
6.79845
6.797073
6.805004
6.789304
6.793944
6.790307
6.788339
6.795896
6.777998
6.796447
6.790388
6.791286
6.795826
6.799392
6.771314
6.795824
6.8033
6.807491
6.804192
6.80603
6.789269
6.770604
6.791168
multicast_benchmark_time_samples 3.1
6.736889
6.750172
6.754459
6.746148
6.760678
6.725693
6.747844
6.743146
6.736588
6.742177
6.75289
6.748343
6.730204
6.743624
6.737272
6.750609
6.756942
6.75349
6.74294
6.735655
6.753806
6.746979
6.73935
6.737488
6.741306
6.741448
6.739127
6.74687
6.745704
6.740673
multicast_benchmark_time_samples 3.1500000000000004
6.698481
6.687705
6.685334
6.688746
6.718857
6.708313
6.699136
6.706851
6.710307
6.708666
6.693707
6.69239
6.691325
6.685154
6.6846
6.69686
6.693159
6.687335
6.693428
6.684475
6.699608
6.693563
6.690289
6.703031
6.705929
6.706886
6.701639
6.700401
6.693985
6.715705
multicast_benchmark_time_samples 3.2
6.640801
6.659984
6.641369
6.653765
6.659971
6.635457
6.644739
6.633331
6.635329
6.649128
6.641256
6.632972
6.63058
6.633492
6.645875
6.641247
6.656427
6.648417
6.652279
6.653785
6.642935
6.641566
6.651959
6.647523
6.653616
6.640071
6.641241
6.636094
6.642605
6.63477
multicast_benchmark_time_samples 3.25
6.598878
6.586938
6.591209
6.587822
6.598509
6.60493
6.589564
6.592149
6.610895
6.593378
6.601727
6.591431
6.592657
6.578304
6.575995
6.5896
6.595929
6.589937
6.585707
6.597346
6.593571
6.586865
6.600866
6.59817
6.57979
6.598191
6.584286
6.587604
6.621652
6.597325
multicast_benchmark_time_samples 3.3000000000000003
6.554721
6.548148
6.540257
6.546525
6.546317
6.55565
6.534461
6.538474
6.541409
6.550854
6.53658
6.539449
6.551814
6.536255
6.538307
6.55396
6.549483
6.552152
6.545831
6.552696
6.556509
6.546191
6.555609
6.549953
6.543247
6.53631
6.545338
6.53658
6.546073
6.544225
multicast_benchmark_time_samples 3.35
6.488153
6.48574
6.490379
6.489027
6.496852
6.503108
6.508337
6.508868
6.499569
6.493109
6.4912
6.502794
6.494151
6.481544
6.491457
6.488344
6.479278
6.490571
6.491234
6.491331
6.481376
6.491684
6.489586
6.501884
6.486358
6.508435
6.487154
6.503161
6.5081
6.50373
multicast_benchmark_time_samples 3.4000000000000004
6.44694
6.454454
6.433512
6.442589
6.4452
6.443523
6.441959
6.438514
6.361306
6.443801
6.439539
6.43946
6.446921
6.423935
6.438428
6.437566
6.434887
6.443907
6.44965
6.446686
6.443324
6.455037
6.451618
6.444256
6.456576
6.436819
6.437458
6.452092
6.44618
6.446347
multicast_benchmark_time_samples 3.45
6.372626
6.395386
6.391313
6.388222
6.395247
6.400047
6.380886
6.406341
6.400993
6.396033
6.395704
6.40096
6.38666
6.380694
6.398798
6.391456
6.403243
6.392138
6.386608
6.392985
6.384819
6.396977
6.397611
6.3952
6.386073
6.408545
6.39247
6.384675
6.420134
6.40379
multicast_benchmark_time_samples 3.5
6.351377
6.338955
6.352321
6.360517
6.343897
6.351969
6.353103
6.345231
6.340445
6.338341
6.338023
6.34232
6.345997
6.370793
6.34867
6.342829
6.338978
6.348018
6.350103
6.356068
6.340525
6.361312
6.337834
6.354853
6.336243
6.349503
6.368014
6.345246
6.343919
6.338554
multicast_benchmark_time_samples 3.5500000000000003
6.293578
6.295878
6.290433
6.302522
6.283072
6.294129
6.289696
6.304606
6.302153
6.289004
6.30324
6.303132
6.304738
6.292062
6.303205
6.284112
6.286967
6.293434
6.300669
6.296877
6.287681
6.287902
6.287303
6.293773
6.29282
6.299234
6.278248
6.304281
6.296715
6.286789
multicast_benchmark_time_samples 3.6
6.233868
6.255946
6.239118
6.252698
6.25472
6.15044
6.253919
6.243933
6.241841
6.242417
6.248086
6.244976
6.245166
6.228484
6.235145
6.253519
6.262915
6.244295
6.238308
6.25107
6.242377
6.252839
6.26919
6.242826
6.23865
6.248137
6.255074
6.236901
6.240706
6.2394
multicast_benchmark_time_samples 3.6500000000000004
6.195613
6.190937
6.189721
6.200683
6.185071
6.197242
6.215335
6.21263
6.197779
6.197449
6.112545
6.191534
6.205234
6.191898
6.199731
6.191323
6.205126
6.20675
6.190885
6.198258
6.105897
6.190814
6.188023
6.113576
6.186827
6.208419
6.110715
6.110803
6.102336
6.12022
multicast_benchmark_time_samples 3.7
6.151554
6.144723
6.159525
6.148519
6.14789
6.152701
6.153376
6.150913
6.13739
6.141052
6.14383
6.131099
6.138845
6.13202
6.14471
6.131891
6.164129
6.180133
6.152161
6.157823
6.152253
6.14122
6.154341
6.154231
6.155755
6.162493
6.143052
6.145404
6.150607
6.139595
multicast_benchmark_time_samples 3.75
6.095371
6.091229
6.075894
6.093246
6.097497
6.085631
6.085126
6.099624
6.088199
6.103073
6.096804
6.105894
6.100573
6.087837
6.099134
6.102942
6.094676
6.089747
6.079564
6.087089
6.094749
6.095561
6.101839
6.090065
6.095611
6.095887
6.094358
6.105142
6.089999
6.106223
multicast_benchmark_time_samples 3.8000000000000003
6.059722
6.055354
6.054304
6.052708
6.039293
6.062541
6.050607
6.054115
6.046748
6.042251
6.043354
6.036699
6.041474
6.036078
6.046139
6.028632
6.040022
6.038089
6.035306
6.042241
6.043059
6.062015
6.045489
6.055727
6.052241
6.057847
6.030585
6.053163
6.042249
6.050202
multicast_benchmark_time_samples 3.85
5.992981
6.00169
5.998901
5.991773
5.991352
5.992725
5.995299
5.996873
5.994401
6.001543
5.988963
5.999425
5.992589
5.989934
6.005814
5.991642
5.988498
5.996877
5.982329
5.995861
5.995098
5.995596
5.989054
5.964622
5.995018
5.985852
5.974429
5.984772
5.986032
5.984405
multicast_benchmark_time_samples 3.9000000000000004
5.937578
5.944914
5.931992
5.939595
5.955433
5.949098
5.946171
5.948842
5.948845
5.955758
5.937898
5.941889
5.941879
5.932861
5.936057
5.93831
5.940186
5.943369
5.936392
5.942144
5.942233
5.933171
5.947184
5.94595
5.953155
5.943976
5.949648
5.942733
5.956315
5.945461
multicast_benchmark_time_samples 3.95
5.889161
5.901489
5.886764
5.886961
5.894017
5.900196
5.86101
5.89933
5.88522
5.896599
5.887275
5.888643
5.890006
5.886264
5.922718
5.886843
5.901753
5.904276
5.901555
5.901797
5.891792
5.895132
5.880649
5.804533
5.900373
5.896993
5.889411
5.889064
5.890439
5.892204
multicast_benchmark_time_samples 4.0
5.850729
5.835474
5.841712
5.85321
5.841576
5.843549
5.851988
5.860532
5.845746
5.848557
5.820316
5.847113
5.83576
5.855566
5.847138
5.842425
5.842075
5.843381
5.82783
5.839935
5.844991
5.856985
5.838602
5.853165
5.850036
5.86089
5.851547
5.850057
5.851866
5.841979
multicast_benchmark_time_samples 4.05
5.791078
5.809882
5.792051
5.791448
5.793302
5.791789
5.78962
5.793957
5.787952
5.792901
5.788205
5.799871
5.79931
5.793284
5.802907
5.794829
5.806258
5.801327
5.806116
5.790145
5.802935
5.787886
5.79162
5.796267
5.807402
5.781066
5.792789
5.789222
5.792452
5.793318
multicast_benchmark_time_samples 4.1000000000000005
5.745173
5.747276
5.757222
5.751725
5.758402
5.746861
5.74785
5.751596
5.744335
5.736518
5.741749
5.741252
5.73855
5.734926
5.744828
5.741118
5.73282
5.738627
5.741883
5.736058
5.746522
5.747154
5.748047
5.739928
5.767313
5.730932
5.75687
5.741094
5.741224
5.758941
multicast_benchmark_time_samples 4.15
5.662057
5.69422
5.689323
5.68962
5.692824
5.698795
5.702732
5.586536
5.683021
5.690843
5.683551
5.703551
5.700324
5.677938
5.702927
5.697766
5.696128
5.695861
5.705308
5.684938
5.701601
5.690992
5.701314
5.693286
5.690787
5.689835
5.686786
5.681594
5.708012
5.690616
multicast_benchmark_time_samples 4.2
5.653239
5.629583
5.642416
5.657278
5.626149
5.658346
5.647746
5.652573
5.651431
5.65084
5.653483
5.636898
5.641899
5.637249
5.643244
5.657888
5.641533
5.647487
5.638285
5.636493
5.639034
5.642865
5.644359
5.648866
5.633614
5.654642
5.649454
5.653039
5.651308
5.659341
multicast_benchmark_time_samples 4.25
5.593396
5.593405
5.592253
5.591919
5.592735
5.586166
5.574636
5.5915
5.593511
5.5913
5.601928
5.612756
5.597419
5.579741
5.600184
5.593098
5.6109
5.60023
5.605663
5.605938
5.595437
5.595621
5.590662
5.597737
5.585247
5.578495
5.593828
5.589332
5.598764
5.592802
multicast_benchmark_time_samples 4.3
5.536603
5.542306
5.530371
5.559951
5.55453
5.554295
5.555487
5.559705
5.55023
5.552346
5.549784
5.55056
5.521491
5.533165
5.544199
5.538345
5.546533
5.534642
5.53751
5.542421
5.544306
5.540007
5.539212
5.548048
5.546549
5.553222
5.55278
5.552689
5.546219
5.555246
multicast_benchmark_time_samples 4.3500000000000005
5.487929
5.490379
5.494169
5.494089
5.488936
5.512024
5.468948
5.488975
5.499797
5.491846
5.497242
5.488762
5.483211
5.482373
5.488896
5.496533
5.491591
5.509971
5.493091
5.50738
5.503495
5.493568
5.491725
5.495505
5.495623
5.47424
5.491142
5.492307
5.494987
5.493293
multicast_benchmark_time_samples 4.4
5.440661
5.445247
5.445029
5.441128
5.446739
5.437127
5.444126
5.440731
5.427801
5.452034
5.455579
5.458324
5.439285
5.452952
5.437086
5.443278
5.444939
5.441859
5.452648
5.45689
5.434028
5.42922
5.440288
5.441203
5.355225
5.451452
5.443011
5.450463
5.451882
5.454822
multicast_benchmark_time_samples 4.45
5.401789
5.400251
5.383673
5.401196
5.391287
5.389489
5.385822
5.382977
5.391454
5.392064
5.386839
5.385218
5.38025
5.397064
5.39741
5.404395
5.395083
5.398228
5.401728
5.389761
5.393313
5.407265
5.387564
5.395333
5.389088
5.395085
5.386661
5.387708
5.391877
5.392218
multicast_benchmark_time_samples 4.5
5.342094
5.341725
5.346691
5.349658
5.340976
5.353581
5.350651
5.351359
5.351681
5.352437
5.359072
5.343455
5.35171
5.340117
5.342291
5.327366
5.344736
5.33949
5.344803
5.336456
5.343755
5.34867
5.332995
5.337579
5.336719
5.351876
5.341098
5.350741
5.369214
5.336372
multicast_benchmark_time_samples 4.55
5.294575
5.302674
5.287856
5.28948
5.294994
5.285401
5.291384
5.291888
5.299479
5.279171
5.308688
5.282492
5.288535
5.292605
5.307285
5.309941
5.299834
5.283693
5.302316
5.301632
5.306105
5.290991
5.288067
5.294759
5.292541
5.298463
5.281113
5.285904
5.291568
5.302853
multicast_benchmark_time_samples 4.6000000000000005
5.228156
5.242284
5.242418
5.230632
5.239483
5.222069
5.244488
5.245875
5.251468
5.250584
5.244695
5.259573
5.246048
5.246116
5.238956
5.248879
5.236649
5.24152
5.241075
5.248294
5.251744
5.237988
5.244648
5.241547
5.219339
5.258242
5.234211
5.250944
5.255158
5.248115
multicast_benchmark_time_samples 4.65
5.192373
5.209954
5.201991
5.202124
5.205797
5.18844
5.18096
5.190929
5.198465
5.180723
5.193439
5.186316
5.195774
5.177446
5.199099
5.194707
5.207987
5.208119
5.207729
5.196891
5.203514
5.203841
5.197338
5.203174
5.193966
5.189711
5.195985
5.192649
5.197608
5.180612
multicast_benchmark_time_samples 4.7
5.147221
5.151126
5.159623
5.142677
5.138613
5.14446
5.148394
5.156854
5.163754
5.146385
5.157868
5.142857
5.143329
5.13901
5.152758
5.145444
5.146379
5.145316
5.152489
5.14545
5.143418
5.139527
5.149818
5.144381
5.143061
5.14503
5.152902
5.146232
5.152082
5.160023
multicast_benchmark_time_samples 4.75
5.100828
5.108847
5.095212
5.096948
5.088417
5.092424
5.091166
5.105621
5.092098
5.095181
5.096339
5.087074
5.083799
5.076862
5.088478
5.089649
5.101076
5.084203
5.098724
5.080081
5.102814
5.100422
5.109081
5.075916
5.097014
5.100076
5.091868
5.078477
5.100071
5.093904
multicast_benchmark_time_samples 4.800000000000001
5.036158
5.058418
5.043248
5.04068
5.038226
5.046259
5.041655
4.956462
5.042972
5.033149
5.045567
5.033485
5.047552
5.059214
5.045727
5.04271
5.041773
5.047762
5.037631
5.041492
5.045546
5.040621
5.039115
5.041289
5.037773
5.048231
5.043755
5.052269
5.050346
5.051987
multicast_benchmark_time_samples 4.8500000000000005
5.002916
5.005146
5.00126
5.001502
4.999079
4.994442
4.991513
4.997086
4.985271
4.997776
4.987755
4.990591
4.99134
4.981471
4.992565
4.987805
4.988405
4.995226
5.000963
5.003864
5.002068
4.988057
5.007409
5.011856
4.993833
4.974667
4.989544
4.984694
4.989741
4.993896
multicast_benchmark_time_samples 4.9
4.946013
4.938311
4.944806
4.946234
4.933408
4.942148
4.940413
4.948722
4.941619
4.950152
4.93894
4.953105
4.953219
4.933551
4.953246
4.954178
4.950093
4.935823
4.938439
4.938191
4.942519
4.93864
4.938852
4.944013
4.937394
4.952045
4.941261
4.936843
4.941401
4.939136
multicast_benchmark_time_samples 4.95
4.887431
4.90043
4.899865
4.90695
4.895696
4.900106
4.896464
4.886997
4.890245
4.894438
4.891725
4.889265
4.894592
4.877047
4.889043
4.890882
4.886133
4.894905
4.886649
4.889491
4.903699
4.903889
4.907018
4.889688
4.906593
4.901747
4.887535
4.890587
4.888513
4.890992
multicast_benchmark_time_samples 5.0
4.840441
4.845956
4.843765
4.840365
4.83979
4.837628
4.835446
4.858896
4.831912
4.838461
4.839158
4.840624
4.853528
4.83341
4.84025
4.850167
4.854686
4.844813
4.84907
4.837427
4.845492
4.836553
4.842027
4.841577
4.850061
4.83491
4.841126
4.841796
4.843066
4.841616
multicast_benchmark_time_samples 5.050000000000001
4.786433
4.789598
4.803678
4.797579
4.80719
4.78795
4.80559
4.803469
4.806977
4.796452
4.795358
4.796528
4.791503
4.774867
4.798499
4.787034
4.798008
4.804121
4.799432
4.805336
4.802118
4.808472
4.802398
4.71314
4.803801
4.800535
4.791497
4.788707
4.788324
4.791781
multicast_benchmark_time_samples 5.1000000000000005
4.741473
4.735514
4.738944
4.741597
4.720594
4.741369
4.743966
4.750372
4.736407
4.746689
4.736898
4.745225
4.754042
4.714638
4.760424
4.736828
4.754436
4.769644
4.744036
4.740712
4.737341
4.739025
4.747347
4.742863
4.742337
4.737799
4.742006
4.74364
4.742163
4.752573
multicast_benchmark_time_samples 5.15
4.699496
4.706346
4.697514
4.693294
4.711431
4.686916
4.695523
4.691364
4.700636
4.691783
4.692165
4.697637
4.690455
4.685722
4.694578
4.686096
4.689106
4.697736
4.692825
4.603332
4.692748
4.710341
4.696772
4.689832
4.704241
4.708134
4.688626
4.69851
4.677111
4.688895
multicast_benchmark_time_samples 5.2
4.643381
4.651142
4.638595
4.642942
4.643055
4.640885
4.640647
4.652042
4.641734
4.637471
4.643159
4.638959
4.650794
4.625217
4.647977
4.653886
4.649203
4.650643
4.64916
4.650647
4.654085
4.642101
4.641
4.644435
4.642797
4.639598
4.644682
4.642388
4.647639
4.642232
multicast_benchmark_time_samples 5.25
4.609854
4.590061
4.602837
4.592769
4.614007
4.599558
4.600449
4.608572
4.593812
4.59585
4.589894
4.590473
4.593201
4.590158
4.600992
4.58169
4.596489
4.597688
4.583491
4.602582
4.602573
4.606047
4.605596
4.595319
4.603087
4.595345
4.59122
4.593713
4.61379
4.579687
multicast_benchmark_time_samples 5.300000000000001
4.543372
4.545423
4.537531
4.537819
4.544276
4.546095
4.5347
4.537709
4.5549
4.543182
4.547963
4.53088
4.553967
4.521415
4.541829
4.54897
4.553915
4.549369
4.552069
4.517992
4.559334
4.548595
4.544503
4.537603
4.55034
4.53837
4.540961
4.544969
4.552458
4.548129
multicast_benchmark_time_samples 5.3500000000000005
4.499649
4.511873
4.501896
4.482525
4.487416
4.506357
4.4902
4.503694
4.502241
4.496982
4.485786
4.495064
4.492679
4.475475
4.490593
4.494858
4.495043
4.486076
4.503642
4.498043
4.502906
4.499464
4.503547
4.508525
4.495915
4.507099
4.505385
4.491235
4.504625
4.488666
multicast_benchmark_time_samples 5.4
4.439705
4.443136
4.44258
4.437246
4.450073
4.438305
4.444309
4.441255
4.447108
4.438511
4.441366
4.450245
4.441521
4.446601
4.457446
4.451135
4.453703
4.452831
4.438822
4.441754
4.43984
4.44245
4.439798
4.447971
4.430963
4.449383
4.444719
4.444185
4.448614
4.435155
multicast_benchmark_time_samples 5.45
4.388017
4.394764
4.403295
4.406425
4.396959
4.400833
4.40469
4.408395
4.391106
4.395092
4.386214
4.302193
4.387475
4.375514
4.395325
4.391142
4.390476
4.384092
4.386267
4.377438
4.397094
4.399488
4.395236
4.407925
4.38889
4.402955
4.363672
4.397171
4.39138
4.394499
multicast_benchmark_time_samples 5.5
4.340506
4.356109
4.346471
4.343572
4.33262
4.333514
4.335091
4.34799
4.34154
4.342015
4.340792
4.341056
4.338022
4.332669
4.340761
4.340194
4.367282
4.327902
4.346503
4.349809
4.340971
4.353055
4.34109
4.345608
4.342371
4.337169
4.342313
4.345673
4.343329
4.345305
multicast_benchmark_time_samples 5.550000000000001
4.289853
4.302831
4.210904
4.297984
4.282148
4.303577
4.296718
4.30696
4.303849
4.301958
4.290077
4.294758
4.293523
4.276935
4.301225
4.293541
4.293442
4.289179
4.296452
4.336202
4.298098
4.296247
4.303308
4.304613
4.303274
4.303588
4.304175
4.303562
4.303585
4.290985
multicast_benchmark_time_samples 5.6000000000000005
4.241471
4.244933
4.245549
4.243744
4.238494
4.241243
4.243866
4.246005
4.244177
4.251953
4.241279
4.242501
4.251947
4.219346
4.254145
4.248529
4.259484
4.247125
4.250637
4.255678
4.240479
4.249479
4.241378
4.247653
4.244138
4.239964
4.243802
4.238886
4.243229
4.24379
multicast_benchmark_time_samples 5.65
4.192382
4.187228
4.193294
4.212937
4.195872
4.206411
4.202088
4.205387
4.202441
4.188404
4.190478
4.202864
4.187431
4.19517
4.17912
4.1894
4.200935
4.194779
4.197944
4.192173
4.192878
4.191302
4.191673
4.193161
4.20229
4.205119
4.202347
4.211254
4.187969
4.192819
multicast_benchmark_time_samples 5.7
4.140906
4.151208
4.146982
4.138433
4.147391
4.144275
4.140356
4.14309
4.141925
4.137655
4.144315
4.143208
4.155667
4.141517
4.158209
4.15145
4.144578
4.156466
4.146971
4.150085
4.143894
4.142819
4.142271
4.14239
4.144589
4.141899
4.134353
4.142362
4.141132
4.140692
multicast_benchmark_time_samples 5.75
4.091989
4.089472
4.097736
4.103636
4.098055
4.101021
4.09829
4.120264
4.079989
4.109405
4.090991
4.093526
4.095813
4.078013
4.094146
4.087439
4.09565
4.094172
4.092473
4.103075
4.09182
4.107297
4.102489
4.102229
4.103338
4.105422
4.104994
4.104595
4.105216
4.089702
multicast_benchmark_time_samples 5.800000000000001
4.04481
4.047153
4.03819
4.040084
4.045337
4.045393
4.041299
4.044674
4.038471
4.039484
4.049578
4.048395
4.048168
4.045772
4.055785
4.049648
4.05611
4.052056
4.044009
4.056183
4.037332
4.058669
4.037567
4.04542
4.036595
4.04326
4.043325
4.04493
4.044406
4.036236
multicast_benchmark_time_samples 5.8500000000000005
4.003272
4.001982
4.001493
3.990666
3.999186
3.997171
3.99412
4.005087
4.011787
4.000304
3.999757
3.993085
3.991233
3.980916
3.99375
3.985049
3.976986
3.995471
3.995813
3.989963
3.997041
3.991472
3.993437
4.003874
3.992963
4.011698
3.996801
4.003757
4.005933
4.005435
multicast_benchmark_time_samples 5.9
3.948091
3.946991
3.941381
3.953059
3.941856
3.946555
3.938138
3.941691
3.943579
3.943549
3.921748
3.940485
3.957323
3.918029
3.944283
3.955015
3.951797
3.954671
3.955088
3.941617
3.954364
3.940665
3.946971
3.938676
3.940883
3.940008
3.945433
3.942212
3.934661
3.92252
multicast_benchmark_time_samples 5.95
3.887143
3.900007
3.901924
3.895164
3.899916
3.907766
3.893922
3.917061
3.900147
3.903271
3.902172
3.891029
3.905396
3.879609
3.891174
3.88504
3.891666
3.888443
3.872015
3.899336
3.881765
3.890769
3.891152
3.899539
3.902195
3.903138
3.904447
3.902072
3.888819
3.903325
