multicast_benchmark_time_samples
54.310797
45.953765
55.238449
40.076341
39.951456
39.815098
46.064244
40.235995
66.359259
50.018869
50.041819
56.003304
40.666714
49.602225
50.521807
50.742724
66.340379
43.507281
47.363733
66.193241
82.089119
48.305099
57.175045
49.16776
71.147543
48.351021
42.650308
47.114467
54.043468
45.866342
45.415397
40.278672
46.557216
54.261329
41.857535
46.908487
74.357104
39.560768
40.296939
45.965328
49.98721
49.852941
50.767397
39.713415
56.373147
43.662943
55.905304
40.023891
48.318616
43.002877
44.636636
47.672613
40.274386
45.60967
50.387145
50.404886
45.927852
60.059845
40.107407
42.02196
43.625764
43.154756
38.662318
47.320196
43.226378
46.058792
39.012579
91.488495
45.841175
40.421889
40.402365
45.828473
40.110025
46.353005
61.309734
78.971561
50.232525
50.449882
56.149695
49.932873
39.772931
50.587668
40.566757
78.931711
97.384444
44.420116
46.192175
40.116702
56.231338
38.95097
60.815663
50.77016
51.676894
39.24517
47.004381
41.388722
45.915949
65.414948
54.46023