multicast_benchmark_time_samples
34.996954
43.40727
40.281106
40.151629
40.026057
35.527049
40.288963
53.103716
35.938122
36.909548
37.662836
35.75405
37.489583
36.199297
37.531955
36.040915
36.666188
37.296332
36.421162
36.724224
46.396319
43.781956
39.914041
50.523337
60.680502
36.043437
37.179538
35.591574
47.649555
36.05167
36.785444
38.779059
42.215907
35.312146
38.149043
41.953533
39.806184
36.004328
37.341801
36.135406
36.370954
36.002051
39.943217
39.819317
40.384289
36.209562
36.835099
42.843807
40.913918
45.232415
50.260897
36.377111
37.37231
35.775543
37.795807
35.501439
37.649859
36.042006
36.973868
35.38372
37.934755
45.066807
36.973441
35.478168
48.061896
42.249348
35.522321
37.941724
34.969096
41.758437
40.299072
40.454726
40.3518
35.856229
40.295719
40.18606
44.916795
37.856757
41.627941
36.045291
36.771238
43.483009
40.317292
36.149012
36.38071
46.721505
37.652932
36.067227
39.935491
49.943503
39.794878
46.040429
37.061427
46.028349
42.644074
41.385139
43.29912
39.736044
42.177851